61.72
28
15.68
65.08
50
40.72
20.4
46.82
39.38
39.46
36.46
22.6
24.78
47.76
58.2
31.06
29.68
32.24
45.94
3.44
20.16
47.36
67.32
11.8
25.22
52
53.9
27.42
28.22
43.98
44.62
36.6
35.4
46.6
44.2
40.8
40.96
46.52
51.5
40.5
53.36
54.42
52.84
62.82
56.18
51.68
33.54
59.26
53.6
47.62
32.18
43.44
44.44
50.32
47.82
26.08
43.68
51.48
63.32
12.16
34.08
73.54
84.14
35.58
52
69.42
87
69.9
62.02
54.38
47.04
86.56
66.68
40
23.44
83.72
54.7
26
10.78
72
52.32
22.08
-5.48
78.92
48.62
11.3
-8.82
67.7
28.24
7.24
-21
48.4
27.88
-6.36
-7.96
36
20.54
-10.18
-11.04
23.26
5.94
-1.06
-9.8
-4.42
-9.74
-2.42
-4.7
-27.8
-21.3
8.86
26.14
-40
-25.46
4.02
46.74
-60.9
-14.7
44
67.38
-27.96
17.88
56
57.3
28.66
36
34.26
45.86
36
33.62
47.58
49.58
40.94
39.88
40.64
44.4
33.82
33.42
58.76
53.78
62.92
51.16
39
36
55.38
54.7
41.4
32
49.54
48.22
39
40
32
40
44
58.4
16
40
68.26
89.28
56.12
62.16
68.92
72
71.02
63.3
62.36
51.8
82
65.5
37
25
90
58
12.18
5
58.86
53.14
6.34
-0.22
67.1
54.44
3.58
-11.9
57.78
34.18
-0.54
-8
28.02
7.6
-0.49
-11.77
17
3.1
-5.69
-13.67
2.9
0.9
-4.44
-6
0.13
-1.48
-1.39
-1.51
0.19
1
0.23
6
-1.73
-2.42
3.77
16.32
-6
3
8.4
25.65
-0.17
3.15
22.47
34.93
3.27
10
16.96
34.98
10
16
21.06
30.48
16
19.18
22.91
31.39
18
20.2
25.43
31.11
24.28
28.24
20.51
23.84
31.15
23.82
21
19.39
24.78
27.32
26.21
29.85
20.03
28.29
35
34.67
10.01
25.02
42.65
50.56
22.93
37.36
48.59
50
50.25
44.02
36
33.73
52
41.58
34.22
20.2
57.73
42.48
16.5
6.08
39.58
34.26
21.85
11.5
41
31.15
10
3
37.36
16.77
3
-1.18
40.14
21.4
1.6
-8.99
31.55
14.75
1.85
-4.86
28.35
11.73
3.01
-5.1
14.36
8.92
2
-3.3
4.15
1.6
2.22
2
6.78
-0.86
-1
-0.6
-4
-4
0.67
2
-4.73
-2
7
12.13
-2
1.46
9.5
19.44
2.57
8
12.73
21.68
6.2
10
16.57
23.21
10.3
13.88
23.88
22.86
28.83
19.21
14.69
7.12
24